{"consideredstr8": 0.010033102875417081,  "str8thresh": 0.14383741216415255, "safeatanyspeed": 0.0012800919243947557, "offroad": 1.0002653228126588, "fullstmaxsx": 20.070818862674596, "wwlim": 4.487048259980536, 
"sxappropriatest1": 16.08326982212498, "oksyp": 0.06586706491973668, "slipdec": 0.018047798233552067, "spincutslp": 0.05142589453207698, "ignoreinfleA": 10.793558810628733, "s2sen": 3.004432096693817,  "seriousABS": 27.913519841072034,  "obviousbase": 95.30715165573112, "stst": 494.40788172445616, "stC": 329.15365840061344, "pointingahead": 2.196445074922305, "spincutclip": 0.1025421499370399, "clutchslip": 90.34100694329528, "obvious": 1.3424661801203506, "backontracksx": 70.85062371134153,  "clutchspin": 50.291035172311716, "fullstis": 0.8198735817280897, "brake": 0.00011033489913893834, "carmin": 33.86878021767926, "sycon2": 1.000239198433143, "s2cen": 0.5113460794343394, "sycon1": 0.6429244177717478,  "carmaxvisib": 2.291858682873671, "sxappropriatest2": 0.5520202884372154, "skidsev1": 0.576616694479842, "wheeldia": 0.8554277668777635, "brakingpacefast": 1.0383418702288039, "spincutint": 1.7449866514563273, "st": 689.9554366257631, "brakingpaceslow": 2.2425656876338924, "sortofontrack": 1.5040683093640903, "steer2edge": 0.9502114400315407, "backward": 1.669224786901136, 
"upsh2rpm": 9030.067045116226, 
"dnsh1rpm": 3752.157470785699, 
"upsh3rpm": 8670.290944097602, 
"dnsh2rpm": 6526.366360897825, 
"upsh4rpm": 9179.101552247594, 
"dnsh3rpm": 6746.179675988424,  
"upsh5rpm": 9659.926939658571,
"dnsh4rpm": 7809.452042026708, 
"upsh6rpm": 10857.348199020931, 
"dnsh5rpm": 6892.875910946631}









